VPLeft: !<!alignment>
  position: [-0.16684096995184208 * mm, 0.07591248466657796 * mm, -0.3282742474626531 * mm]
  rotation: [0.00013041632929937873 * rad, -6.927403503936651e-05 * rad, 0.002780457673647003 * rad]
VPRight: !<!alignment>
  position: [0.16632678406066143 * mm, -0.07735267168707137 * mm, 0.3283163721858145 * mm]
  rotation: [-0.00012925476306256006 * rad, 7.026022153326867e-05 * rad, -0.0027805027216980934 * rad]
VPSystem: !<!alignment>
  position: [0.0, 0.0, 0.0]
  rotation: [0.0, 0.0, 0.0]
