VPLeft: !<!alignment>
  position: [-0.1668499816641016 * mm, 0.0759296766294 * mm, -0.3279776304191019 * mm]
  rotation: [0.00013041434663861162 * rad, -6.998711215659334e-05 * rad, 0.002780457859762439 * rad]
VPRight: !<!alignment>
  position: [0.166337090668553 * mm, -0.07736973286058547 * mm, 0.32801935421014256 * mm]
  rotation: [-0.00012925674580572828 * rad, 7.097329865083477e-05 * rad, -0.00278050253748178 * rad]
VPSystem: !<!alignment>
  position: [0.0, 0.0, 0.0]
  rotation: [0.0, 0.0, 0.0]
