VPLeft: !<!alignment>
  position: [-0.1667949159165295 * mm, 0.07611831181002336 * mm, -0.32711115995638557 * mm]
  rotation: [0.00013043225269810678 * rad, -6.354709403223028e-05 * rad, 0.0027804561796375355 * rad]
VPRight: !<!alignment>
  position: [0.1662741152077696 * mm, -0.077558471775418 * mm, 0.32715690838367656 * mm]
  rotation: [-0.0001292388390855821 * rad, 6.453328052362664e-05 * rad, -0.0027805042019364897 * rad]
VPSystem: !<!alignment>
  position: [0.0, 0.0, 0.0]
  rotation: [0.0, 0.0, 0.0]
