VPLeft: !<!alignment>
  position: [-0.16685505759539018 * mm, 0.07596145301694825 * mm, -0.3266631955471002 * mm]
  rotation: [0.00013043589091636686 * rad, -6.223858284847506e-05 * rad, 0.0027804558379313045 * rad]
VPRight: !<!alignment>
  position: [0.16633108882491712 * mm, -0.07740117111002148 * mm, 0.32670963455504476 * mm]
  rotation: [-0.00012923520070611764 * rad, 6.322476933919031e-05 * rad, -0.0027805045397966293 * rad]
VPSystem: !<!alignment>
  position: [0.0, 0.0, 0.0]
  rotation: [0.0, 0.0, 0.0]
