VPLeft: !<!alignment>
  position: [-0.16679038607776936 * mm, 0.07611648411985365 * mm, -0.3270796792018807 * mm]
  rotation: [0.00013043226537771718 * rad, -6.354253374056758e-05 * rad, 0.002780456178447915 * rad]
VPRight: !<!alignment>
  position: [0.1662695732937794 * mm, -0.0775566611347752 * mm, 0.32712543056235427 * mm]
  rotation: [-0.0001292388264055248 * rad, 6.452872023195051e-05 * rad, -0.002780504203115224 * rad]
VPSystem: !<!alignment>
  position: [0.0, 0.0, 0.0]
  rotation: [0.0, 0.0, 0.0]
