VPLeft: !<!alignment>
  position: [-0.16683495157485537 * mm, 0.07590818172722914 * mm, -0.32819981469391646 * mm]
  rotation: [0.0001304169435513828 * rad, -6.905311535699242e-05 * rad, 0.0027804576159932036 * rad]
VPRight: !<!alignment>
  position: [0.16632040587443672 * mm, -0.07734838390461976 * mm, 0.32824206713482706 * mm]
  rotation: [-0.00012925414878575507 * rad, 7.003930185080323e-05 * rad, -0.0027805027787774273 * rad]
VPSystem: !<!alignment>
  position: [0.0, 0.0, 0.0]
  rotation: [0.0, 0.0, 0.0]
