VPLeft: !<!alignment>
  position: [-0.16678697853400984 * mm, 0.07614240544777941 * mm, -0.32599056076608174 * mm]
  rotation: [0.0001304513518866476 * rad, -5.6677963810549965e-05 * rad, 0.0027804543873995286 * rad]
VPRight: !<!alignment>
  position: [0.1662569310245316 * mm, -0.07758234484416776 * mm, 0.32604071075765934 * mm]
  rotation: [-0.00012921973921277462 * rad, 5.7664150298920454e-05 * rad, -0.0027805059771345356 * rad]
VPSystem: !<!alignment>
  position: [0.0, 0.0, 0.0]
  rotation: [0.0, 0.0, 0.0]
