VPLeft: !<!alignment>
  position: [-0.16684096995184164 * mm, 0.07591248466657671 * mm, -0.32827424746258854 * mm]
  rotation: [0.00013041632929937721 * rad, -6.927403503932055e-05 * rad, 0.0027804576736470033 * rad]
VPRight: !<!alignment>
  position: [0.16632678406066054 * mm, -0.07735267168707353 * mm, 0.32831637218588056 * mm]
  rotation: [-0.0001292547630625605 * rad, 7.026022153322843e-05 * rad, -0.0027805027216980934 * rad]
VPSystem: !<!alignment>
  position: [0.0, 0.0, 0.0]
  rotation: [0.0, 0.0, 0.0]
