VPLeft: !<!alignment>
  position: [-0.16687118609688514 * mm, 0.07579767118500978 * mm, -0.3247415707691532 * mm]
  rotation: [0.0001304256814474 * rad, -6.591047926483207e-05 * rad, 0.00278045679606876 * rad]
VPRight: !<!alignment>
  position: [0.16635180885615283 * mm, -0.07723678754449408 * mm, 0.32478580979041977 * mm]
  rotation: [-0.00012924541056114677 * rad, 6.689666575722023e-05 * rad, -0.0027805035909596607 * rad]
VPSystem: !<!alignment>
  position: [0.0, 0.0, 0.0]
  rotation: [0.0, 0.0, 0.0]
